#jdb (days)	RV (km/s)	RV error (km/s)	realistic RV error (km/s)	Bisector (km/s)	FWHM (km/s)	Photon noise (km/s)	log(R'hk)	log(R'hk) error	Low pass filter log(R'hk)	Alpha (hours)	Delta (degrees)	Seeing
#----------	---------	---------------	-------------------------	---------------	-----------	-------------------	---------	---------------	-------------------------	-------------	---------------	------
54524.907275	-22.314921	0.000546	0.001070	0.002387	6.255717	0.000071	-4.9920	0.0005	-4.9929	14.6588848639	-60.8344716842	0.84
54525.883318	-22.315721	0.000481	0.001038	0.002536	6.256078	0.000049	-4.9918	0.0003	-4.9930	14.6588843357	-60.8344727098	0.76
54526.883034	-22.314824	0.000471	0.001034	0.001458	6.253960	0.000050	-4.9935	0.0003	-4.9931	14.6588837876	-60.8344737239	0.65
54527.890455	-22.316663	0.000471	0.001034	0.002094	6.255564	0.000048	-4.9951	0.0003	-4.9932	14.6588832276	-60.8344747151	0.80
54528.875046	-22.316174	0.000493	0.001044	0.001881	6.256754	0.000061	-4.9958	0.0004	-4.9933	14.6588826890	-60.8344756204	0.81
54529.837791	-22.317542	0.000471	0.001034	0.002154	6.255267	0.000049	-4.9899	0.0003	-4.9934	14.6588821248	-60.8344765314	0.76
54530.831344	-22.317472	0.000471	0.001034	0.001363	6.257622	0.000053	-4.9907	0.0003	-4.9935	14.6588815519	-60.8344774080	0.69
54548.825069	-22.326784	0.000431	0.001016	-0.000102	6.253789	0.000038	-4.9979	0.0002	-4.9952	14.6588701053	-60.8344867415	1.24
54549.767064	-22.326399	0.000437	0.001019	0.000259	6.250754	0.000076	-5.0029	0.0006	-4.9953	14.6588694548	-60.8344868733	1.06
54550.811540	-22.328481	0.000431	0.001016	0.000171	6.253057	0.000050	-4.9993	0.0003	-4.9953	14.6588687302	-60.8344869707	1.35
54551.854873	-22.327793	0.000481	0.001038	0.000234	6.254113	0.000052	-4.9948	0.0003	-4.9953	14.6588680003	-60.8344870165	1.20
54552.844100	-22.328454	0.000461	0.001029	0.000710	6.254942	0.000051	-4.9943	0.0003	-4.9954	14.6588673036	-60.8344870222	1.40
54553.758462	-22.330143	0.000471	0.001034	-0.000005	6.252659	0.000044	-4.9933	0.0003	-4.9954	14.6588666550	-60.8344869879	0.79
54554.794026	-22.329679	0.000431	0.001016	0.000488	6.253031	0.000045	-4.9932	0.0003	-4.9954	14.6588659178	-60.8344869077	1.02
54555.808400	-22.331096	0.000431	0.001016	0.000255	6.252238	0.000039	-4.9914	0.0002	-4.9954	14.6588651897	-60.8344867816	1.05
54556.755621	-22.332216	0.000431	0.001016	0.000488	6.251928	0.000040	-4.9923	0.0002	-4.9953	14.6588645060	-60.8344866212	0.62
54557.761633	-22.331827	0.000437	0.001019	0.000336	6.253252	0.000051	-4.9945	0.0003	-4.9953	14.6588637757	-60.8344864092	1.04
54562.786353	-22.335638	0.000415	0.001009	0.000905	6.255178	0.000037	-4.9951	0.0002	-4.9951	14.6588600713	-60.8344846674	0.77
54563.750133	-22.337718	0.000427	0.001014	0.000583	6.246997	0.000035	-4.9927	0.0002	-4.9950	14.6588593490	-60.8344842033	0.56
54564.733008	-22.335853	0.000461	0.001029	0.000541	6.252828	0.000048	-4.9938	0.0003	-4.9949	14.6588586095	-60.8344836876	1.19
54565.827810	-22.335287	0.000454	0.001026	0.000378	6.250922	0.000043	-4.9944	0.0003	-4.9948	14.6588577852	-60.8344830631	0.76
54566.773294	-22.336784	0.000431	0.001016	0.001247	6.254576	0.000038	-4.9889	0.0002	-4.9947	14.6588570679	-60.8344824730	0.81
54567.804804	-22.335818	0.000431	0.001016	0.001164	6.252003	0.000041	-4.9919	0.0003	-4.9945	14.6588562837	-60.8344817911	0.62
54569.825407	-22.335837	0.000471	0.001034	0.000923	6.253207	0.000048	-4.9953	0.0003	-4.9942	14.6588547378	-60.8344803072	0.94
54570.720254	-22.339039	0.000405	0.001005	0.000969	6.250296	0.000043	-4.9917	0.0003	-4.9941	14.6588540514	-60.8344795967	1.23
54571.725564	-22.339002	0.000471	0.001034	0.000321	6.256678	0.000053	-5.0000	0.0003	-4.9939	14.6588532753	-60.8344787487	1.34
54610.717064	-22.356982	0.000421	0.001012	0.003129	6.261235	0.000055	-4.9746	0.0004	-4.9786	14.6588228054	-60.8344121481	0.92
54611.638635	-22.358421	0.000461	0.001029	0.003625	6.261264	0.000055	-4.9739	0.0003	-4.9784	14.6588221067	-60.8344098448	0.88
54612.612733	-22.356753	0.000461	0.001029	0.003184	6.258263	0.000069	-4.9771	0.0004	-4.9782	14.6588213733	-60.8344073811	1.06
54616.634985	-22.361747	0.000421	0.001012	0.000320	6.264174	0.000051	-4.9759	0.0003	-4.9777	14.6588183714	-60.8343968559	1.41
54617.620403	-22.360143	0.000437	0.001019	0.000437	6.267141	0.000039	-4.9698	0.0002	-4.9776	14.6588176449	-60.8343941974	0.90
54638.693918	-22.371282	0.000411	0.001008	0.000049	6.263205	0.000045	-4.9870	0.0003	-4.9802	14.6588031239	-60.8343309256	1.87
54639.637201	-22.369881	0.000415	0.001009	-0.000041	6.261298	0.000043	-4.9819	0.0003	-4.9803	14.6588025269	-60.8343278546	1.10
54640.623248	-22.369540	0.000421	0.001012	0.000732	6.263352	0.000041	-4.9823	0.0003	-4.9805	14.6588019084	-60.8343246231	1.31
54641.575449	-22.371942	0.000395	0.001001	0.001746	6.261589	0.000039	-4.9798	0.0002	-4.9807	14.6588013179	-60.8343215005	1.52
54642.598373	-22.370637	0.000395	0.001001	0.002048	6.260426	0.000036	-4.9774	0.0002	-4.9808	14.6588006880	-60.8343181143	1.35
54643.602860	-22.372973	0.000410	0.001007	0.002492	6.265828	0.000040	-4.9771	0.0002	-4.9810	14.6588000761	-60.8343147797	1.81
54644.634769	-22.373694	0.000410	0.001007	0.002993	6.269234	0.000047	-4.9769	0.0003	-4.9811	14.6587994550	-60.8343113362	2.01
54645.559370	-22.373820	0.000411	0.001008	0.003211	6.265023	0.000041	-4.9764	0.0003	-4.9813	14.6587989016	-60.8343082308	0.71
54646.593226	-22.374597	0.000400	0.001003	0.002617	6.259005	0.000045	-4.9778	0.0003	-4.9814	14.6587982919	-60.8343047529	0.77
54647.546057	-22.376504	0.000411	0.001008	0.003171	6.258146	0.000043	-4.9815	0.0003	-4.9815	14.6587977346	-60.8343015272	0.73
54648.643857	-22.375134	0.000411	0.001008	0.003165	6.256062	0.000048	-4.9852	0.0003	-4.9817	14.6587971013	-60.8342978087	1.15
54878.805401	-22.492642	0.000411	0.001008	0.003298	6.266295	0.000041	-4.9482	0.0002	-4.9498	14.6587703641	-60.8341332666	0.69
54878.897653	-22.492655	0.000387	0.000998	0.003602	6.265642	0.000038	-4.9462	0.0002	-4.9498	14.6587703641	-60.8341332666	0.96
54879.770772	-22.492408	0.000488	0.001041	0.003040	6.269227	0.000087	-4.9491	0.0006	-4.9498	14.6587699240	-60.8341345959	1.87
54880.780994	-22.492967	0.000411	0.001008	0.002580	6.266824	0.000047	-4.9437	0.0003	-4.9499	14.6587694573	-60.8341359538	1.32
54880.894297	-22.495059	0.000411	0.001008	0.002766	6.264434	0.000039	-4.9451	0.0002	-4.9499	14.6587694573	-60.8341359538	1.26
54881.769879	-22.492466	0.000421	0.001012	0.002561	6.269414	0.000049	-4.9449	0.0003	-4.9500	14.6587689916	-60.8341372602	1.41
54881.905032	-22.492519	0.000461	0.001029	0.002095	6.266830	0.000049	-4.9452	0.0003	-4.9500	14.6587689916	-60.8341372602	0.88
54882.766939	-22.492312	0.000411	0.001008	0.001725	6.268480	0.000053	-4.9480	0.0003	-4.9501	14.6587685146	-60.8341385550	1.03
54882.884077	-22.492673	0.000411	0.001008	0.002022	6.266306	0.000038	-4.9478	0.0002	-4.9502	14.6587685146	-60.8341385550	0.73
54883.777479	-22.490590	0.000411	0.001008	0.002005	6.269263	0.000045	-4.9471	0.0003	-4.9503	14.6587680233	-60.8341398327	1.06
54884.892500	-22.490631	0.000411	0.001008	0.002443	6.264942	0.000057	-4.9527	0.0004	-4.9504	14.6587675230	-60.8341410875	1.05
54886.753554	-22.493953	0.000421	0.001012	0.002287	6.267693	0.000041	-4.9503	0.0002	-4.9507	14.6587665314	-60.8341434366	0.79
54886.898174	-22.494299	0.000421	0.001012	0.002933	6.264363	0.000037	-4.9484	0.0002	-4.9508	14.6587665314	-60.8341434366	0.66
54913.773975	-22.509865	0.000389	0.000999	0.002891	6.264831	0.000041	-4.9594	0.0002	-4.9573	14.6587502097	-60.8341620864	1.57
54913.789113	-22.510145	0.000354	0.000986	0.003004	6.263944	0.000029	-4.9575	0.0002	-4.9573	14.6587502097	-60.8341620864	1.57
54913.888920	-22.509946	0.000358	0.000987	0.002786	6.262181	0.000026	-4.9567	0.0002	-4.9573	14.6587502097	-60.8341620864	1.57
54913.901415	-22.510435	0.000451	0.001025	0.002921	6.262500	0.000047	-4.9566	0.0003	-4.9573	14.6587502097	-60.8341620864	1.57
54914.843449	-22.510819	0.000338	0.000980	0.002826	6.264027	0.000023	-4.9567	0.0001	-4.9575	14.6587495317	-60.8341622297	1.38
54914.856562	-22.511020	0.000432	0.001016	0.002867	6.264347	0.000048	-4.9585	0.0003	-4.9575	14.6587495317	-60.8341622297	1.27
54915.752918	-22.512988	0.000376	0.000994	0.002690	6.265623	0.000033	-4.9550	0.0002	-4.9576	14.6587488384	-60.8341623271	1.63
54915.912435	-22.512034	0.000387	0.000998	0.002280	6.265472	0.000033	-4.9537	0.0002	-4.9576	14.6587488384	-60.8341623271	1.80
54916.752588	-22.513131	0.000354	0.000986	0.001857	6.266393	0.000026	-4.9515	0.0002	-4.9577	14.6587481428	-60.8341623844	1.60
54916.833122	-22.512838	0.000395	0.001001	0.001803	6.264529	0.000035	-4.9512	0.0002	-4.9577	14.6587481428	-60.8341623844	1.75
54916.902333	-22.512575	0.000417	0.001010	0.002069	6.265814	0.000049	-4.9517	0.0003	-4.9577	14.6587481428	-60.8341623844	1.85
54917.733107	-22.512190	0.000356	0.000986	0.002265	6.266306	0.000026	-4.9486	0.0001	-4.9578	14.6587474542	-60.8341623958	1.54
54917.821595	-22.512588	0.000356	0.000986	0.002452	6.265911	0.000028	-4.9513	0.0002	-4.9579	14.6587474542	-60.8341623958	1.62
54917.906534	-22.512985	0.000358	0.000987	0.002463	6.265191	0.000030	-4.9520	0.0002	-4.9579	14.6587474542	-60.8341623958	1.76
54918.709852	-22.514247	0.000358	0.000987	0.002497	6.266822	0.000029	-4.9507	0.0002	-4.9580	14.6587467616	-60.8341623672	0.88
54918.908088	-22.513349	0.000362	0.000989	0.002722	6.266172	0.000030	-4.9517	0.0002	-4.9580	14.6587467616	-60.8341623672	1.76
54919.730697	-22.513030	0.000634	0.001117	0.002296	6.266194	0.000077	-4.9486	0.0004	-4.9580	14.6587460309	-60.8341622927	1.64
54919.811828	-22.513054	0.000451	0.001025	0.002514	6.265153	0.000045	-4.9498	0.0003	-4.9580	14.6587460309	-60.8341622927	1.35
54920.744836	-22.514296	0.000358	0.000987	0.002316	6.267303	0.000026	-4.9465	0.0001	-4.9581	14.6587453094	-60.8341621724	1.74
54920.815704	-22.514855	0.000358	0.000987	0.002220	6.265054	0.000026	-4.9440	0.0002	-4.9581	14.6587453094	-60.8341621724	1.38
54920.896028	-22.514849	0.000391	0.001000	0.002174	6.264850	0.000040	-4.9528	0.0002	-4.9581	14.6587453094	-60.8341621724	1.86
54932.679295	-22.521610	0.000400	0.001003	0.001686	6.261535	0.000042	-4.9759	0.0003	-4.9564	14.6587364679	-60.8341573137	1.78
54932.759117	-22.523507	0.000387	0.000998	0.001997	6.257715	0.000034	-4.9720	0.0002	-4.9564	14.6587364679	-60.8341573137	1.04
54932.849349	-22.521404	0.000391	0.001000	0.001758	6.261661	0.000035	-4.9737	0.0002	-4.9564	14.6587364679	-60.8341573137	0.93
54933.703426	-22.520036	0.000387	0.000998	0.001368	6.262798	0.000039	-4.9754	0.0002	-4.9560	14.6587356887	-60.8341566032	1.45
54933.788269	-22.520790	0.000387	0.000998	0.001590	6.259457	0.000045	-4.9791	0.0003	-4.9560	14.6587356887	-60.8341566032	1.36
54933.852854	-22.519003	0.000424	0.001013	0.001556	6.262827	0.000075	-4.9793	0.0005	-4.9560	14.6587356887	-60.8341566032	1.83
54934.681202	-22.522213	0.000387	0.000998	0.001363	6.263242	0.000033	-4.9665	0.0002	-4.9556	14.6587349411	-60.8341558756	0.75
54934.757108	-22.523295	0.000387	0.000998	0.001514	6.260447	0.000030	-4.9647	0.0002	-4.9555	14.6587349411	-60.8341558756	0.68
54934.835081	-22.522882	0.000441	0.001020	0.001406	6.261871	0.000050	-4.9691	0.0003	-4.9555	14.6587349411	-60.8341558756	0.68
54935.656354	-22.523155	0.000387	0.000998	0.000959	6.263950	0.000037	-4.9623	0.0002	-4.9551	14.6587341936	-60.8341551078	0.90
54935.754618	-22.522648	0.000387	0.000998	0.001298	6.264451	0.000036	-4.9622	0.0002	-4.9551	14.6587341936	-60.8341551078	1.01
54935.831582	-22.524016	0.000387	0.000998	0.001327	6.262471	0.000032	-4.9610	0.0002	-4.9550	14.6587341936	-60.8341551078	0.88
54936.677986	-22.523056	0.000387	0.000998	0.001126	6.268501	0.000038	-4.9588	0.0002	-4.9546	14.6587334079	-60.8341542598	0.79
54936.767508	-22.523274	0.000387	0.000998	0.001049	6.265464	0.000045	-4.9610	0.0003	-4.9545	14.6587334079	-60.8341542598	1.60
54936.840030	-22.523403	0.000387	0.000998	0.001413	6.266684	0.000052	-4.9647	0.0003	-4.9545	14.6587334079	-60.8341542598	0.79
54937.669556	-22.525458	0.000397	0.001002	0.001825	6.269209	0.000039	-4.9553	0.0002	-4.9540	14.6587326428	-60.8341533889	1.20
54937.757386	-22.524787	0.000397	0.001002	0.001578	6.267892	0.000035	-4.9534	0.0002	-4.9540	14.6587326428	-60.8341533889	0.72
54937.834384	-22.525873	0.000401	0.001004	0.001966	6.265837	0.000034	-4.9542	0.0002	-4.9539	14.6587326428	-60.8341533889	0.81
54938.682585	-22.525789	0.000387	0.000998	0.001495	6.268266	0.000037	-4.9504	0.0002	-4.9534	14.6587318590	-60.8341524493	0.51
54938.741893	-22.525790	0.000387	0.000998	0.001350	6.266945	0.000039	-4.9519	0.0002	-4.9534	14.6587318590	-60.8341524493	0.83
54938.821621	-22.526171	0.000387	0.000998	0.001746	6.265869	0.000035	-4.9505	0.0002	-4.9533	14.6587318590	-60.8341524493	0.80
54939.684402	-22.524231	0.000387	0.000998	0.001346	6.268477	0.000050	-4.9531	0.0003	-4.9528	14.6587310817	-60.8341514810	1.27
54939.746019	-22.524035	0.000387	0.000998	0.001201	6.266979	0.000054	-4.9533	0.0003	-4.9528	14.6587310817	-60.8341514810	0.99
54939.816024	-22.523686	0.000387	0.000998	0.000877	6.268190	0.000056	-4.9530	0.0004	-4.9527	14.6587310817	-60.8341514810	1.86
54940.690266	-22.525603	0.000397	0.001002	0.001637	6.267644	0.000038	-4.9460	0.0002	-4.9522	14.6587302998	-60.8341504611	0.79
54940.762460	-22.523473	0.000397	0.001002	0.001871	6.268343	0.000043	-4.9485	0.0003	-4.9521	14.6587302998	-60.8341504611	1.14
54940.841272	-22.524679	0.000397	0.001002	0.001848	6.267529	0.000042	-4.9483	0.0003	-4.9521	14.6587302998	-60.8341504611	1.63
54941.677971	-22.526005	0.000391	0.001000	0.001603	6.267904	0.000031	-4.9417	0.0002	-4.9515	14.6587295297	-60.8341494126	0.82
54941.772732	-22.525895	0.000417	0.001010	0.002061	6.265666	0.000039	-4.9438	0.0002	-4.9515	14.6587295297	-60.8341494126	1.13
54941.840101	-22.526784	0.000387	0.000998	0.002298	6.265035	0.000034	-4.9433	0.0002	-4.9514	14.6587295297	-60.8341494126	1.31
54946.673870	-22.528991	0.000350	0.000984	0.003554	6.263769	0.000028	-4.9438	0.0002	-4.9481	14.6587256157	-60.8341434538	0.78
54946.757512	-22.527041	0.000366	0.000990	0.003603	6.263812	0.000032	-4.9445	0.0002	-4.9480	14.6587256157	-60.8341434538	0.70
54946.851689	-22.526979	0.000357	0.000987	0.003764	6.266176	0.000037	-4.9491	0.0002	-4.9480	14.6587256157	-60.8341434538	0.82
54947.625545	-22.528085	0.000367	0.000990	0.003418	6.267928	0.000032	-4.9483	0.0002	-4.9474	14.6587248651	-60.8341421876	0.69
54947.724404	-22.528088	0.000367	0.000990	0.003089	6.265781	0.000031	-4.9474	0.0002	-4.9474	14.6587248651	-60.8341421876	1.10
54947.788265	-22.527645	0.000367	0.000990	0.003320	6.264558	0.000030	-4.9473	0.0002	-4.9473	14.6587248651	-60.8341421876	1.06
54949.628263	-22.527911	0.000367	0.000990	0.004366	6.268842	0.000029	-4.9486	0.0002	-4.9460	14.6587232864	-60.8341393973	0.78
54949.715888	-22.529144	0.000367	0.000990	0.004516	6.265873	0.000032	-4.9507	0.0002	-4.9459	14.6587232864	-60.8341393973	1.08
54949.831972	-22.528786	0.000367	0.000990	0.004368	6.266916	0.000036	-4.9533	0.0002	-4.9459	14.6587232864	-60.8341393973	0.69
54950.630596	-22.528796	0.000357	0.000987	0.004319	6.262927	0.000035	-4.9482	0.0002	-4.9453	14.6587224953	-60.8341379363	0.57
54950.725492	-22.530320	0.000357	0.000987	0.004248	6.264169	0.000035	-4.9489	0.0002	-4.9452	14.6587224953	-60.8341379363	1.25
54950.827838	-22.529629	0.000357	0.000987	0.004147	6.265976	0.000036	-4.9503	0.0002	-4.9452	14.6587224953	-60.8341379363	1.02
54951.649525	-22.531243	0.000360	0.000988	0.003674	6.269437	0.000031	-4.9470	0.0002	-4.9446	14.6587216944	-60.8341364122	1.35
54951.660136	-22.532043	0.000516	0.001055	0.003484	6.267473	0.000070	-4.9471	0.0004	-4.9446	14.6587216944	-60.8341364122	0.88
54951.758071	-22.530635	0.000367	0.000990	0.003503	6.268031	0.000037	-4.9478	0.0002	-4.9445	14.6587216944	-60.8341364122	1.10
54951.851586	-22.530623	0.000367	0.000990	0.003768	6.269933	0.000045	-4.9517	0.0003	-4.9445	14.6587216944	-60.8341364122	1.46
54952.743502	-22.532395	0.000451	0.001025	0.002708	6.267846	0.000071	-4.9428	0.0004	-4.9438	14.6587208238	-60.8341347048	1.17
54952.825893	-22.531302	0.000451	0.001025	0.002997	6.268867	0.000073	-4.9436	0.0004	-4.9438	14.6587208238	-60.8341347048	1.45
54953.612566	-22.531947	0.000441	0.001020	0.002291	6.271593	0.000068	-4.9396	0.0004	-4.9433	14.6587201367	-60.8341333182	0.65
54953.717093	-22.532014	0.000441	0.001020	0.002082	6.269488	0.000069	-4.9439	0.0004	-4.9432	14.6587201367	-60.8341333182	1.02
54953.839911	-22.531558	0.000441	0.001020	0.002514	6.270914	0.000077	-4.9456	0.0005	-4.9431	14.6587201367	-60.8341333182	0.63
54954.619239	-22.533198	0.000451	0.001025	0.002297	6.270052	0.000059	-4.9359	0.0003	-4.9426	14.6587193414	-60.8341316738	0.80
54954.731342	-22.531748	0.000451	0.001025	0.002192	6.269776	0.000064	-4.9367	0.0004	-4.9425	14.6587193414	-60.8341316738	1.01
54954.826562	-22.534434	0.000451	0.001025	0.002313	6.266111	0.000057	-4.9358	0.0003	-4.9424	14.6587193414	-60.8341316738	1.14
54955.606218	-22.533998	0.000411	0.001008	0.001849	6.269216	0.000052	-4.9335	0.0003	-4.9419	14.6587185629	-60.8341300237	1.35
54955.744153	-22.532557	0.000463	0.001030	0.002379	6.269788	0.000076	-4.9349	0.0004	-4.9418	14.6587185629	-60.8341300237	1.12
54955.823585	-22.531587	0.000417	0.001010	0.002219	6.269732	0.000058	-4.9343	0.0004	-4.9418	14.6587185629	-60.8341300237	1.17
54956.663619	-22.530520	0.000401	0.001004	0.002310	6.273463	0.000065	-4.9335	0.0004	-4.9413	14.6587177283	-60.8341282074	1.19
54956.747305	-22.529922	0.000401	0.001004	0.002036	6.273471	0.000071	-4.9322	0.0004	-4.9412	14.6587177283	-60.8341282074	1.42
54956.818715	-22.530946	0.000401	0.001004	0.002007	6.273770	0.000068	-4.9336	0.0004	-4.9412	14.6587177283	-60.8341282074	1.24
54988.530159	-22.549934	0.000432	0.001016	0.004003	6.268709	0.000052	-4.9333	0.0003	-4.9310	14.6586934613	-60.8340532817	0.78
54988.601737	-22.549096	0.000543	0.001068	0.003897	6.271557	0.000069	-4.9324	0.0004	-4.9309	14.6586934613	-60.8340532817	0.81
54988.682488	-22.548476	0.000432	0.001016	0.004256	6.268768	0.000051	-4.9323	0.0003	-4.9309	14.6586934613	-60.8340532817	0.82
54989.527868	-22.551260	0.000424	0.001013	0.003677	6.267390	0.000064	-4.9315	0.0004	-4.9308	14.6586927523	-60.8340503826	1.19
54989.702072	-22.548433	0.000424	0.001013	0.003765	6.268165	0.000042	-4.9314	0.0002	-4.9308	14.6586927523	-60.8340503826	0.67
54990.621597	-22.549039	0.000580	0.001088	0.002838	6.275168	0.000099	-4.9306	0.0006	-4.9307	14.6586920258	-60.8340473688	1.05
54990.713347	-22.549610	0.000580	0.001088	0.002616	6.276129	0.000130	-4.9324	0.0008	-4.9307	14.6586920258	-60.8340473688	1.32
54991.588487	-22.550922	0.000424	0.001013	0.002948	6.273537	0.000049	-4.9314	0.0003	-4.9306	14.6586913028	-60.8340443149	0.84
54991.640049	-22.551402	0.000424	0.001013	0.002789	6.269063	0.000049	-4.9312	0.0003	-4.9306	14.6586913028	-60.8340443149	0.66
54991.707313	-22.550098	0.000441	0.001020	0.003030	6.273897	0.000061	-4.9334	0.0004	-4.9306	14.6586913028	-60.8340443149	0.78
54992.549465	-22.551084	0.000424	0.001013	0.003081	6.273837	0.000064	-4.9304	0.0004	-4.9305	14.6586906328	-60.8340414502	0.70
54992.631429	-22.550180	0.000424	0.001013	0.002910	6.275115	0.000049	-4.9298	0.0003	-4.9304	14.6586906328	-60.8340414502	0.73
54992.699453	-22.550779	0.000424	0.001013	0.003209	6.275499	0.000050	-4.9310	0.0003	-4.9304	14.6586906328	-60.8340414502	0.98
54994.519220	-22.551453	0.000414	0.001009	0.004072	6.277263	0.000047	-4.9232	0.0003	-4.9302	14.6586892733	-60.8340354971	0.56
54994.618626	-22.551639	0.000414	0.001009	0.004235	6.276040	0.000048	-4.9236	0.0003	-4.9302	14.6586892733	-60.8340354971	0.55
54994.708541	-22.550978	0.000414	0.001009	0.004401	6.277706	0.000054	-4.9230	0.0003	-4.9302	14.6586892733	-60.8340354971	1.03
54995.515746	-22.549669	0.000424	0.001013	0.004384	6.279292	0.000058	-4.9211	0.0003	-4.9301	14.6586885931	-60.8340324490	1.10
54995.612747	-22.550347	0.000424	0.001013	0.004975	6.275374	0.000045	-4.9183	0.0002	-4.9301	14.6586885931	-60.8340324490	1.71
54995.707558	-22.550408	0.000424	0.001013	0.004802	6.274574	0.000058	-4.9205	0.0003	-4.9301	14.6586885931	-60.8340324490	1.30
54996.505420	-22.551871	0.000414	0.001009	0.005137	6.277671	0.000042	-4.9169	0.0002	-4.9300	14.6586879219	-60.8340293951	1.12
54998.510470	-22.554069	0.000424	0.001013	0.005210	6.278910	0.000058	-4.9189	0.0003	-4.9298	14.6586865782	-60.8340231442	1.26
54998.644621	-22.552545	0.000424	0.001013	0.005035	6.278856	0.000073	-4.9136	0.0004	-4.9298	14.6586865782	-60.8340231442	1.68
54998.696212	-22.552056	0.000463	0.001030	0.005292	6.281965	0.000112	-4.9200	0.0007	-4.9298	14.6586865782	-60.8340231442	1.85
54999.501626	-22.551678	0.000424	0.001013	0.004672	6.277864	0.000055	-4.9199	0.0003	-4.9297	14.6586859215	-60.8340200158	1.31
54999.594512	-22.552548	0.000424	0.001013	0.004798	6.274872	0.000069	-4.9214	0.0004	-4.9297	14.6586859215	-60.8340200158	0.99
54999.667773	-22.553461	0.000580	0.001088	0.004946	6.273542	0.000078	-4.9218	0.0005	-4.9297	14.6586859215	-60.8340200158	0.83
55001.608505	-22.552673	0.000424	0.001013	0.004050	6.269780	0.000062	-4.9300	0.0004	-4.9295	14.6586845442	-60.8340133065	0.86
55002.562631	-22.553312	0.000414	0.001009	0.003974	6.272190	0.000064	-4.9349	0.0004	-4.9294	14.6586839276	-60.8340102354	1.23
55002.678464	-22.553579	0.000414	0.001009	0.004069	6.271560	0.000063	-4.9356	0.0004	-4.9294	14.6586839276	-60.8340102354	1.17
55022.468042	-22.567289	0.000401	0.001004	0.004195	6.270592	0.000043	-4.9294	0.0002	-4.9220	14.6586723600	-60.8339430275	0.60
55022.575454	-22.567694	0.000401	0.001004	0.004496	6.264857	0.000048	-4.9284	0.0003	-4.9220	14.6586723600	-60.8339430275	0.71
55036.548933	-22.571874	0.000395	0.001001	0.005614	6.279236	0.000047	-4.9010	0.0003	-4.9123	14.6586658566	-60.8338940338	1.31
55037.536027	-22.572588	0.000377	0.000994	0.005282	6.274836	0.000038	-4.9031	0.0002	-4.9117	14.6586654280	-60.8338903669	0.67
55037.607158	-22.569468	0.000377	0.000994	0.005663	6.275798	0.000045	-4.9036	0.0003	-4.9116	14.6586654280	-60.8338903669	0.64
55038.484697	-22.572134	0.000395	0.001001	0.004937	6.275263	0.000041	-4.9076	0.0002	-4.9111	14.6586650479	-60.8338870610	0.87
55039.489605	-22.573499	0.000395	0.001001	0.003854	6.275238	0.000039	-4.9111	0.0002	-4.9105	14.6586646537	-60.8338835716	0.44
55039.571676	-22.571958	0.000395	0.001001	0.004181	6.273003	0.000043	-4.9109	0.0002	-4.9104	14.6586646537	-60.8338835716	0.69
55040.471732	-22.573134	0.000533	0.001063	0.004349	6.274511	0.000080	-4.9100	0.0005	-4.9099	14.6586642756	-60.8338801625	0.89
55040.540200	-22.571285	0.000401	0.001004	0.004185	6.274384	0.000042	-4.9072	0.0002	-4.9099	14.6586642756	-60.8338801625	0.87
55041.478048	-22.573811	0.000348	0.000984	0.004198	6.275399	0.000028	-4.9074	0.0002	-4.9093	14.6586638978	-60.8338766961	1.01
55041.545442	-22.572437	0.000348	0.000984	0.004194	6.280078	0.000035	-4.9088	0.0002	-4.9093	14.6586638978	-60.8338766961	1.52
55042.569308	-22.574652	0.000348	0.000984	0.004665	6.275068	0.000031	-4.9091	0.0002	-4.9087	14.6586634960	-60.8338729318	0.78
55045.522571	-22.573344	0.000358	0.000987	0.005527	6.279052	0.000042	-4.9053	0.0002	-4.9072	14.6586624524	-60.8338628019	1.49
55045.588033	-22.573483	0.000360	0.000988	0.005364	6.280195	0.000043	-4.9063	0.0003	-4.9071	14.6586624524	-60.8338628019	1.22
55046.520769	-22.573401	0.000348	0.000984	0.005349	6.275861	0.000039	-4.9026	0.0002	-4.9067	14.6586621148	-60.8338593986	0.73
55046.591576	-22.573149	0.000348	0.000984	0.005557	6.277312	0.000044	-4.9033	0.0003	-4.9066	14.6586621148	-60.8338593986	1.08
55047.500381	-22.574251	0.000348	0.000984	0.006022	6.277784	0.000036	-4.9021	0.0002	-4.9062	14.6586617912	-60.8338560697	1.35
55048.508663	-22.576564	0.000348	0.000984	0.006467	6.280775	0.000043	-4.9025	0.0002	-4.9058	14.6586614658	-60.8338526606	1.78
55048.585442	-22.576345	0.000348	0.000984	0.006862	6.280376	0.000045	-4.9048	0.0003	-4.9057	14.6586614658	-60.8338526606	1.31
55278.739366	-22.697247	0.000397	0.001002	0.011604	6.297691	0.000060	-4.8457	0.0003	-4.8739	14.6586304153	-60.8338350765	1.23
55278.802663	-22.696762	0.000404	0.001005	0.011655	6.299793	0.000064	-4.8464	0.0003	-4.8740	14.6586304153	-60.8338350765	1.43
55278.872822	-22.697167	0.000412	0.001008	0.011788	6.299059	0.000059	-4.8480	0.0003	-4.8741	14.6586304153	-60.8338350765	1.18
55279.731635	-22.697674	0.000421	0.001012	0.010996	6.299105	0.000067	-4.8514	0.0004	-4.8755	14.6586297335	-60.8338352197	1.39
55279.894983	-22.697592	0.000397	0.001002	0.010675	6.296520	0.000061	-4.8531	0.0003	-4.8758	14.6586297335	-60.8338352197	1.28
55280.731561	-22.699103	0.000407	0.001006	0.010043	6.294405	0.000047	-4.8559	0.0002	-4.8771	14.6586290433	-60.8338353229	0.83
55280.829353	-22.699337	0.000407	0.001006	0.010188	6.290970	0.000046	-4.8578	0.0002	-4.8773	14.6586290433	-60.8338353229	0.45
55280.900362	-22.698662	0.000422	0.001012	0.009566	6.292972	0.000056	-4.8595	0.0003	-4.8774	14.6586290433	-60.8338353229	0.74
55281.732900	-22.699771	0.000407	0.001006	0.009049	6.289839	0.000046	-4.8652	0.0002	-4.8788	14.6586283465	-60.8338353859	0.78
55281.822878	-22.698932	0.000422	0.001012	0.009160	6.289771	0.000051	-4.8658	0.0003	-4.8789	14.6586283465	-60.8338353859	0.90
55281.888822	-22.700031	0.000422	0.001012	0.009258	6.287703	0.000048	-4.8678	0.0003	-4.8791	14.6586283465	-60.8338353859	0.74
55282.664240	-22.698874	0.000421	0.001012	0.007960	6.291389	0.000042	-4.8697	0.0002	-4.8803	14.6586276938	-60.8338354031	0.59
55282.748459	-22.699725	0.000397	0.001002	0.008242	6.289219	0.000050	-4.8737	0.0003	-4.8805	14.6586276938	-60.8338354031	1.43
55282.825233	-22.701046	0.000397	0.001002	0.008645	6.285844	0.000050	-4.8738	0.0003	-4.8806	14.6586276938	-60.8338354031	0.91
55283.737859	-22.702426	0.000397	0.001002	0.007657	6.284320	0.000041	-4.8788	0.0002	-4.8821	14.6586269371	-60.8338353744	0.95
55283.827043	-22.700918	0.000397	0.001002	0.007437	6.284590	0.000045	-4.8812	0.0002	-4.8822	14.6586269371	-60.8338353744	0.88
55283.894702	-22.700611	0.000412	0.001008	0.007832	6.284317	0.000046	-4.8817	0.0003	-4.8823	14.6586269371	-60.8338353744	0.94
55284.663331	-22.699741	0.000397	0.001002	0.006961	6.288374	0.000047	-4.8857	0.0002	-4.8835	14.6586262801	-60.8338353171	0.88
55284.754522	-22.700598	0.000397	0.001002	0.007130	6.284517	0.000045	-4.8858	0.0002	-4.8837	14.6586262801	-60.8338353171	1.02
55284.885769	-22.700281	0.000404	0.001005	0.007305	6.285864	0.000066	-4.8904	0.0004	-4.8839	14.6586262801	-60.8338353171	1.46
55287.641363	-22.701934	0.000397	0.001002	0.006910	6.282591	0.000042	-4.9038	0.0002	-4.8879	14.6586241399	-60.8338348588	0.78
55287.745923	-22.701449	0.000397	0.001002	0.007529	6.278915	0.000043	-4.9061	0.0002	-4.8881	14.6586241399	-60.8338348588	1.21
55287.823201	-22.702916	0.000443	0.001021	0.007891	6.277543	0.000052	-4.9073	0.0003	-4.8882	14.6586241399	-60.8338348588	1.33
55288.648591	-22.704117	0.000397	0.001002	0.007588	6.278201	0.000042	-4.9125	0.0002	-4.8893	14.6586234084	-60.8338346124	0.74
55288.766705	-22.704922	0.000397	0.001002	0.007503	6.273660	0.000036	-4.9115	0.0002	-4.8894	14.6586234084	-60.8338346124	0.87
55288.819496	-22.704119	0.000397	0.001002	0.007650	6.274949	0.000042	-4.9148	0.0002	-4.8895	14.6586234084	-60.8338346124	0.56
55289.707496	-22.704346	0.000407	0.001006	0.007539	6.276188	0.000042	-4.9178	0.0002	-4.8906	14.6586226353	-60.8338343087	0.92
55289.797765	-22.704795	0.000407	0.001006	0.007371	6.275463	0.000045	-4.9175	0.0003	-4.8907	14.6586226353	-60.8338343087	1.02
55289.890078	-22.705789	0.000407	0.001006	0.007734	6.273203	0.000048	-4.9210	0.0003	-4.8908	14.6586226353	-60.8338343087	0.79
55290.656243	-22.705595	0.000407	0.001006	0.006717	6.276799	0.000049	-4.9277	0.0003	-4.8916	14.6586219382	-60.8338339993	0.94
55290.736690	-22.705226	0.000407	0.001006	0.006959	6.275281	0.000051	-4.9289	0.0003	-4.8917	14.6586219382	-60.8338339993	1.49
55290.898128	-22.705873	0.000407	0.001006	0.007208	6.272913	0.000059	-4.9317	0.0004	-4.8919	14.6586219382	-60.8338339993	0.97
55291.640315	-22.707215	0.000407	0.001006	0.006260	6.270854	0.000054	-4.9350	0.0003	-4.8926	14.6586212117	-60.8338336269	0.83
55291.801762	-22.705138	0.000407	0.001006	0.006400	6.272480	0.000059	-4.9363	0.0004	-4.8928	14.6586212117	-60.8338336269	1.14
55292.625972	-22.705515	0.000397	0.001002	0.005912	6.271162	0.000069	-4.9396	0.0004	-4.8935	14.6586204806	-60.8338332144	0.75
55292.741061	-22.705555	0.000397	0.001002	0.006003	6.270418	0.000074	-4.9412	0.0005	-4.8936	14.6586204806	-60.8338332144	1.23
55292.826422	-22.706187	0.000397	0.001002	0.005621	6.270293	0.000057	-4.9422	0.0003	-4.8937	14.6586204806	-60.8338332144	1.42
55293.622875	-22.706188	0.000407	0.001006	0.005277	6.271532	0.000057	-4.9413	0.0003	-4.8943	14.6586197380	-60.8338327560	1.27
55293.785467	-22.708187	0.000407	0.001006	0.005185	6.269530	0.000049	-4.9399	0.0003	-4.8944	14.6586197380	-60.8338327560	1.38
55293.911821	-22.708350	0.000570	0.001082	0.005203	6.268117	0.000106	-4.9427	0.0007	-4.8945	14.6586197380	-60.8338327560	1.63
55294.632419	-22.709742	0.000407	0.001006	0.004155	6.269907	0.000050	-4.9401	0.0003	-4.8949	14.6586189825	-60.8338322404	1.11
55294.731533	-22.709992	0.000407	0.001006	0.004185	6.268518	0.000044	-4.9404	0.0003	-4.8950	14.6586189825	-60.8338322404	0.74
55294.873096	-22.709881	0.000407	0.001006	0.003890	6.268683	0.000047	-4.9395	0.0003	-4.8951	14.6586189825	-60.8338322404	0.79
55295.612942	-22.710202	0.000397	0.001002	0.003349	6.271328	0.000050	-4.9422	0.0003	-4.8954	14.6586182453	-60.8338316960	0.59
55295.672414	-22.710130	0.000397	0.001002	0.003690	6.269844	0.000057	-4.9453	0.0003	-4.8954	14.6586182453	-60.8338316960	0.84
55295.878572	-22.709382	0.000397	0.001002	0.003505	6.267320	0.000042	-4.9427	0.0003	-4.8955	14.6586182453	-60.8338316960	0.64
55296.611768	-22.708920	0.000397	0.001002	0.002974	6.271639	0.000050	-4.9454	0.0003	-4.8958	14.6586174913	-60.8338311002	0.86
55296.916162	-22.708449	0.000397	0.001002	0.003147	6.270310	0.000051	-4.9430	0.0003	-4.8959	14.6586174913	-60.8338311002	0.61
55297.753797	-22.710821	0.000397	0.001002	0.002686	6.268438	0.000044	-4.9396	0.0003	-4.8961	14.6586166265	-60.8338303610	0.76
55297.889176	-22.710602	0.000397	0.001002	0.002848	6.268048	0.000043	-4.9404	0.0002	-4.8961	14.6586166265	-60.8338303610	0.77
55298.598971	-22.710898	0.000407	0.001006	0.002333	6.275050	0.000044	-4.9360	0.0002	-4.8962	14.6586159825	-60.8338297766	0.54
55298.768913	-22.712015	0.000407	0.001006	0.002209	6.270974	0.000045	-4.9354	0.0003	-4.8962	14.6586159825	-60.8338297766	0.74
55298.912260	-22.709668	0.000407	0.001006	0.002759	6.272564	0.000049	-4.9353	0.0003	-4.8962	14.6586159825	-60.8338297766	0.66
55299.597954	-22.710809	0.000407	0.001006	0.002592	6.277268	0.000050	-4.9274	0.0003	-4.8962	14.6586152201	-60.8338290432	0.76
55299.894414	-22.710590	0.000485	0.001040	0.002645	6.274683	0.000093	-4.9247	0.0006	-4.8962	14.6586152201	-60.8338290432	0.90
55300.668888	-22.710087	0.000458	0.001028	0.001926	6.279572	0.000078	-4.9190	0.0005	-4.8961	14.6586144011	-60.8338282067	1.41
55300.767252	-22.711497	0.000397	0.001002	0.002304	6.276474	0.000050	-4.9171	0.0003	-4.8961	14.6586144011	-60.8338282067	1.03
55300.899781	-22.711971	0.000397	0.001002	0.001946	6.276869	0.000048	-4.9166	0.0003	-4.8961	14.6586144011	-60.8338282067	0.73
55301.791840	-22.711379	0.000404	0.001005	0.002022	6.282254	0.000064	-4.9113	0.0004	-4.8959	14.6586135371	-60.8338272728	1.53
55301.885687	-22.710926	0.000431	0.001016	0.001926	6.283569	0.000087	-4.9104	0.0005	-4.8958	14.6586135371	-60.8338272728	1.63
55304.622782	-22.708975	0.000407	0.001006	0.002445	6.293415	0.000064	-4.8899	0.0004	-4.8949	14.6586113476	-60.8338246658	1.29
55305.735319	-22.709176	0.000468	0.001032	0.002492	6.289459	0.000063	-4.8837	0.0005	-4.8944	14.6586104836	-60.8338235371	1.24
55315.912596	-22.713807	0.000381	0.000996	0.013140	6.308479	0.000069	-4.8414	0.0005	-4.8900	14.6586025019	-60.8338106914	1.15
55321.602109	-22.717534	0.000360	0.000988	0.010475	6.295096	0.000040	-4.8697	0.0002	-4.8890	14.6585980088	-60.8338015298	1.58
55321.671486	-22.718494	0.000366	0.000990	0.010465	6.293015	0.000042	-4.8703	0.0002	-4.8890	14.6585980088	-60.8338015298	1.39
55321.731821	-22.718034	0.000366	0.000990	0.010406	6.290634	0.000039	-4.8715	0.0002	-4.8890	14.6585980088	-60.8338015298	1.52
55322.592658	-22.716687	0.000367	0.000990	0.010144	6.291532	0.000043	-4.8778	0.0002	-4.8889	14.6585972265	-60.8337997938	1.39
55323.579966	-22.718346	0.000356	0.000986	0.009259	6.292383	0.000039	-4.8817	0.0002	-4.8888	14.6585964485	-60.8337980233	0.89
55323.653897	-22.718196	0.000356	0.000986	0.009493	6.288932	0.000039	-4.8855	0.0002	-4.8888	14.6585964485	-60.8337980233	1.06
55323.732553	-22.718523	0.000363	0.000989	0.009690	6.288661	0.000039	-4.8870	0.0002	-4.8888	14.6585964485	-60.8337980233	1.04
55324.570679	-22.719677	0.000366	0.000990	0.009167	6.288377	0.000053	-4.8966	0.0003	-4.8887	14.6585956673	-60.8337962013	1.40
55324.639657	-22.720962	0.000366	0.000990	0.009041	6.286057	0.000038	-4.8948	0.0002	-4.8887	14.6585956673	-60.8337962013	0.92
55324.728102	-22.720023	0.000366	0.000990	0.009305	6.286770	0.000047	-4.8969	0.0003	-4.8886	14.6585956673	-60.8337962013	1.29
55325.555700	-22.720230	0.000356	0.000986	0.008653	6.285604	0.000046	-4.9040	0.0003	-4.8885	14.6585948919	-60.8337943564	1.49
55325.626361	-22.720026	0.000356	0.000986	0.008765	6.283671	0.000046	-4.9047	0.0003	-4.8885	14.6585948919	-60.8337943564	1.34
55325.726849	-22.720441	0.000356	0.000986	0.009362	6.279806	0.000053	-4.9078	0.0004	-4.8885	14.6585948919	-60.8337943564	0.75
55326.570438	-22.722748	0.000356	0.000986	0.008036	6.280544	0.000040	-4.9112	0.0002	-4.8883	14.6585940940	-60.8337924083	0.78
55326.659140	-22.725769	0.000356	0.000986	0.008415	6.275641	0.000039	-4.9104	0.0002	-4.8883	14.6585940940	-60.8337924083	1.07
55326.728634	-22.723058	0.000356	0.000986	0.008441	6.278849	0.000045	-4.9094	0.0003	-4.8883	14.6585940940	-60.8337924083	0.93
55327.574251	-22.724035	0.000356	0.000986	0.007821	6.277457	0.000037	-4.9161	0.0002	-4.8881	14.6585933052	-60.8337904431	0.89
55327.661883	-22.723215	0.000356	0.000986	0.007883	6.275368	0.000040	-4.9159	0.0002	-4.8881	14.6585933052	-60.8337904431	0.55
55327.743540	-22.721993	0.000421	0.001012	0.008032	6.276015	0.000062	-4.9181	0.0004	-4.8880	14.6585933052	-60.8337904431	1.22
55328.560084	-22.724269	0.000356	0.000986	0.006656	6.277226	0.000034	-4.9200	0.0002	-4.8878	14.6585925317	-60.8337884721	0.70
55328.658598	-22.726424	0.000356	0.000986	0.007177	6.268804	0.000044	-4.9212	0.0003	-4.8878	14.6585925317	-60.8337884721	0.89
55328.774991	-22.724482	0.000356	0.000986	0.006818	6.274407	0.000055	-4.9206	0.0004	-4.8877	14.6585925317	-60.8337884721	0.62
55334.594627	-22.730576	0.000356	0.000986	0.004337	6.273850	0.000037	-4.9344	0.0002	-4.8845	14.6585878293	-60.8337755576	1.02
55334.687337	-22.728404	0.000356	0.000986	0.004009	6.273857	0.000044	-4.9329	0.0003	-4.8845	14.6585878293	-60.8337755576	1.19
55334.759905	-22.729007	0.000359	0.000988	0.004250	6.271404	0.000058	-4.9323	0.0004	-4.8844	14.6585878293	-60.8337755576	1.56
55335.585150	-22.727619	0.000356	0.000986	0.004045	6.276849	0.000039	-4.9280	0.0002	-4.8837	14.6585870642	-60.8337733059	0.51
55335.663044	-22.727808	0.000356	0.000986	0.004331	6.275301	0.000050	-4.9290	0.0003	-4.8837	14.6585870642	-60.8337733059	1.05
55335.741742	-22.726828	0.000363	0.000989	0.004226	6.276743	0.000057	-4.9278	0.0004	-4.8836	14.6585870642	-60.8337733059	1.20
55337.517293	-22.728432	0.000356	0.000986	0.003555	6.277641	0.000041	-4.9239	0.0003	-4.8820	14.6585855768	-60.8337688082	0.98
55337.691218	-22.726824	0.000356	0.000986	0.003508	6.274509	0.000047	-4.9202	0.0003	-4.8818	14.6585855768	-60.8337688082	1.01
55338.493832	-22.727369	0.000443	0.001021	0.003473	6.282924	0.000087	-4.9106	0.0006	-4.8810	14.6585848315	-60.8337664877	1.63
55338.613230	-22.728564	0.000356	0.000986	0.003192	6.278118	0.000060	-4.9081	0.0004	-4.8809	14.6585848315	-60.8337664877	1.59
55340.545237	-22.727743	0.000363	0.000989	0.004546	6.291707	0.000056	-4.8935	0.0003	-4.8789	14.6585832658	-60.8337614801	1.60
55340.630857	-22.725616	0.000356	0.000986	0.004265	6.290546	0.000060	-4.8920	0.0004	-4.8788	14.6585832658	-60.8337614801	1.26
55340.723596	-22.727351	0.000458	0.001028	0.004596	6.290878	0.000081	-4.8898	0.0005	-4.8787	14.6585832658	-60.8337614801	1.58
55341.496397	-22.729560	0.000366	0.000990	0.004686	6.291193	0.000043	-4.8831	0.0003	-4.8778	14.6585825447	-60.8337591137	0.98
55341.623202	-22.730073	0.000366	0.000990	0.004349	6.293132	0.000040	-4.8785	0.0002	-4.8777	14.6585825447	-60.8337591137	1.29
55341.748649	-22.728748	0.000366	0.000990	0.004393	6.295572	0.000040	-4.8786	0.0002	-4.8776	14.6585825447	-60.8337591137	1.39
55342.552197	-22.730457	0.000496	0.001045	0.004524	6.298186	0.000056	-4.8629	0.0003	-4.8767	14.6585817475	-60.8337564438	1.24
55342.692869	-22.728923	0.000356	0.000986	0.004801	6.297882	0.000047	-4.8666	0.0003	-4.8765	14.6585817475	-60.8337564438	1.61
55342.760001	-22.728297	0.000356	0.000986	0.004547	6.297604	0.000049	-4.8693	0.0003	-4.8765	14.6585817475	-60.8337564438	1.56
55350.656696	-22.729442	0.000338	0.000980	0.012104	6.315601	0.000030	-4.8204	0.0002	-4.8694	14.6585757532	-60.8337347688	1.60
55351.468497	-22.727399	0.000560	0.001077	0.013222	6.321091	0.000136	-4.8259	0.0007	-4.8690	14.6585751585	-60.8337324655	1.53
55351.585317	-22.730046	0.000367	0.000990	0.013210	6.313242	0.000038	-4.8206	0.0002	-4.8689	14.6585751585	-60.8337324655	1.27
55352.468168	-22.731144	0.000340	0.000981	0.014026	6.317346	0.000047	-4.8162	0.0002	-4.8685	14.6585744431	-60.8337296408	1.60
55352.610695	-22.729845	0.000391	0.001000	0.014218	6.310840	0.000079	-4.8215	0.0005	-4.8684	14.6585744431	-60.8337296408	1.63
55353.465357	-22.737513	0.000350	0.000984	0.013895	6.305113	0.000044	-4.8270	0.0002	-4.8681	14.6585737280	-60.8337267760	0.96
55353.591223	-22.732544	0.000350	0.000984	0.013516	6.309315	0.000039	-4.8282	0.0002	-4.8681	14.6585737280	-60.8337267760	0.73
55353.720873	-22.733267	0.000350	0.000984	0.013366	6.310631	0.000038	-4.8297	0.0002	-4.8680	14.6585737280	-60.8337267760	0.66
55354.457811	-22.735509	0.000350	0.000984	0.013868	6.311487	0.000035	-4.8329	0.0002	-4.8678	14.6585730217	-60.8337238940	0.90
55354.578913	-22.735386	0.000338	0.000980	0.013955	6.309907	0.000050	-4.8325	0.0003	-4.8678	14.6585730217	-60.8337238940	0.81
55355.465544	-22.737141	0.000350	0.000984	0.013647	6.308778	0.000041	-4.8390	0.0002	-4.8677	14.6585723086	-60.8337209433	0.69
55355.588346	-22.738333	0.000350	0.000984	0.013868	6.305007	0.000037	-4.8396	0.0002	-4.8676	14.6585723086	-60.8337209433	1.05
55358.628680	-22.739041	0.000404	0.001005	0.010768	6.296311	0.000053	-4.8683	0.0003	-4.8676	14.6585701042	-60.8337115124	1.63
55358.718069	-22.738310	0.000614	0.001106	0.011149	6.294631	0.000138	-4.8684	0.0008	-4.8676	14.6585701042	-60.8337115124	1.62
55359.457091	-22.741313	0.000385	0.000997	0.010433	6.300581	0.000046	-4.8765	0.0003	-4.8677	14.6585695290	-60.8337089857	1.58
55359.548267	-22.742893	0.000377	0.000994	0.010045	6.296135	0.000038	-4.8778	0.0002	-4.8677	14.6585695290	-60.8337089857	1.46
55611.793797	-22.877296	0.000360	0.000988	0.006085	6.289717	0.000031	-4.8986	0.0002	-4.8917	14.6585293310	-60.8334807021	0.96
55611.867970	-22.879009	0.000363	0.000989	0.006300	6.286986	0.000030	-4.9012	0.0002	-4.8917	14.6585293310	-60.8334807021	0.87
55612.807219	-22.879444	0.000348	0.000984	0.006397	6.288826	0.000037	-4.8960	0.0002	-4.8913	14.6585288513	-60.8334820084	1.31
55613.787076	-22.879821	0.000363	0.000989	0.006170	6.291672	0.000036	-4.8939	0.0002	-4.8909	14.6585283788	-60.8334832518	1.16
55614.776559	-22.879908	0.000373	0.000993	0.005065	6.291633	0.000038	-4.8904	0.0002	-4.8906	14.6585278941	-60.8334844779	1.31
55614.830439	-22.881137	0.000366	0.000990	0.004993	6.290052	0.000035	-4.8861	0.0002	-4.8905	14.6585278941	-60.8334844779	1.29
55615.812102	-22.881486	0.000355	0.000986	0.004166	6.288979	0.000031	-4.8927	0.0002	-4.8902	14.6585273803	-60.8334857327	1.01
55615.895560	-22.881724	0.000348	0.000984	0.004213	6.286094	0.000028	-4.8975	0.0002	-4.8901	14.6585273803	-60.8334857327	1.08
55616.796179	-22.880153	0.000360	0.000988	0.003625	6.290430	0.000038	-4.8904	0.0002	-4.8898	14.6585268837	-60.8334868958	1.04
55617.774625	-22.878177	0.000441	0.001020	0.002816	6.291475	0.000056	-4.8899	0.0003	-4.8894	14.6585263818	-60.8334880245	1.43
55619.769117	-22.874979	0.000401	0.001004	0.004726	6.294673	0.000050	-4.8896	0.0003	-4.8887	14.6585253394	-60.8334902247	1.22
55620.782599	-22.876027	0.000350	0.000984	0.005256	6.294781	0.000033	-4.8846	0.0002	-4.8884	14.6585247982	-60.8334912961	1.25
55620.858721	-22.876920	0.000350	0.000984	0.005576	6.292309	0.000033	-4.8857	0.0002	-4.8883	14.6585247982	-60.8334912961	1.03
55621.854436	-22.878294	0.000360	0.000988	0.006898	6.293790	0.000033	-4.8845	0.0002	-4.8880	14.6585242180	-60.8334923962	0.78
55626.791707	-22.884079	0.000533	0.001063	0.008344	6.296914	0.000070	-4.8744	0.0004	-4.8868	14.6585214345	-60.8334969626	1.14
55626.894506	-22.882789	0.000422	0.001012	0.009306	6.298007	0.000057	-4.8745	0.0003	-4.8868	14.6585214345	-60.8334969626	1.42
55627.798566	-22.885685	0.000395	0.001001	0.008327	6.296304	0.000039	-4.8748	0.0002	-4.8867	14.6585208497	-60.8334977820	1.11
55627.889845	-22.885325	0.000453	0.001025	0.008664	6.293298	0.000054	-4.8781	0.0003	-4.8867	14.6585208497	-60.8334977820	0.92
55628.792689	-22.881871	0.000441	0.001020	0.008899	6.297540	0.000075	-4.8713	0.0004	-4.8866	14.6585202607	-60.8334985612	1.39
55628.869619	-22.884882	0.000414	0.001009	0.008478	6.293549	0.000049	-4.8750	0.0003	-4.8866	14.6585202607	-60.8334985612	1.42
55629.775166	-22.885494	0.000401	0.001004	0.008297	6.294412	0.000045	-4.8728	0.0003	-4.8865	14.6585196748	-60.8334992946	1.03
55629.845285	-22.886055	0.000407	0.001006	0.007989	6.292408	0.000039	-4.8775	0.0002	-4.8865	14.6585196748	-60.8334992946	0.82
55630.773309	-22.887321	0.000453	0.001025	0.008160	6.294130	0.000048	-4.8801	0.0003	-4.8864	14.6585190720	-60.8335000050	0.60
55630.876874	-22.885961	0.000401	0.001004	0.008133	6.292334	0.000040	-4.8800	0.0003	-4.8864	14.6585190720	-60.8335000050	0.94
55632.768947	-22.886536	0.000468	0.001032	0.008828	6.291778	0.000059	-4.8850	0.0003	-4.8864	14.6585178497	-60.8335013057	1.41
55632.839164	-22.886587	0.000431	0.001016	0.009122	6.290647	0.000056	-4.8847	0.0003	-4.8864	14.6585178497	-60.8335013057	1.40
55633.769665	-22.889286	0.000401	0.001004	0.008965	6.289632	0.000038	-4.8879	0.0002	-4.8865	14.6585172263	-60.8335019015	0.84
55633.869994	-22.888887	0.000401	0.001004	0.009462	6.287428	0.000040	-4.8918	0.0003	-4.8865	14.6585172263	-60.8335019015	1.24
55634.764586	-22.890340	0.000453	0.001025	0.008694	6.290125	0.000051	-4.8908	0.0003	-4.8866	14.6585165999	-60.8335024573	0.88
55634.883087	-22.888312	0.000401	0.001004	0.009297	6.288492	0.000046	-4.8891	0.0003	-4.8866	14.6585165999	-60.8335024573	0.95
55637.777814	-22.890832	0.000385	0.000997	0.008139	6.293537	0.000046	-4.8795	0.0003	-4.8870	14.6585146755	-60.8335038897	1.42
55637.824316	-22.889572	0.000468	0.001032	0.008029	6.293023	0.000078	-4.8806	0.0005	-4.8870	14.6585146755	-60.8335038897	1.43
55637.902996	-22.891641	0.000348	0.000984	0.007910	6.290280	0.000037	-4.8784	0.0002	-4.8870	14.6585146755	-60.8335038897	1.19
55638.720609	-22.891648	0.000338	0.000980	0.007609	6.294038	0.000032	-4.8812	0.0002	-4.8871	14.6585140587	-60.8335042678	1.31
55638.833906	-22.893525	0.000338	0.000980	0.007718	6.289785	0.000029	-4.8832	0.0002	-4.8871	14.6585140587	-60.8335042678	1.25
55639.745188	-22.892407	0.000348	0.000984	0.006837	6.292013	0.000027	-4.8849	0.0002	-4.8873	14.6585133852	-60.8335046345	1.22
55639.852247	-22.893160	0.000348	0.000984	0.006661	6.288102	0.000033	-4.8825	0.0002	-4.8874	14.6585133852	-60.8335046345	0.87
55640.771984	-22.893089	0.000404	0.001005	0.006673	6.290364	0.000050	-4.8834	0.0003	-4.8876	14.6585127046	-60.8335049611	1.41
55640.869483	-22.893285	0.000347	0.000983	0.006669	6.288842	0.000033	-4.8855	0.0002	-4.8876	14.6585127046	-60.8335049611	1.41
55641.714932	-22.893554	0.000348	0.000984	0.005504	6.292398	0.000027	-4.8849	0.0002	-4.8878	14.6585120735	-60.8335052247	0.68
55641.840995	-22.895208	0.000414	0.001009	0.005418	6.286842	0.000039	-4.8861	0.0002	-4.8878	14.6585120735	-60.8335052247	0.85
55642.741785	-22.894391	0.000345	0.000983	0.005541	6.290937	0.000030	-4.8865	0.0002	-4.8881	14.6585113818	-60.8335054653	0.73
55642.854785	-22.894445	0.000338	0.000980	0.005606	6.287791	0.000027	-4.8888	0.0002	-4.8881	14.6585113818	-60.8335054653	0.67
55643.729922	-22.894751	0.000348	0.000984	0.005395	6.290707	0.000028	-4.8879	0.0002	-4.8883	14.6585107107	-60.8335056544	0.83
55643.832773	-22.894106	0.000366	0.000990	0.005664	6.288144	0.000031	-4.8907	0.0002	-4.8884	14.6585107107	-60.8335056544	0.91
55644.735299	-22.894841	0.000342	0.000982	0.005244	6.288118	0.000027	-4.8883	0.0002	-4.8886	14.6585100231	-60.8335058091	0.64
55644.830530	-22.893562	0.000350	0.000984	0.005177	6.287905	0.000030	-4.8878	0.0002	-4.8887	14.6585100231	-60.8335058091	0.89
55645.742780	-22.894309	0.000348	0.000984	0.006155	6.290060	0.000031	-4.8883	0.0002	-4.8889	14.6585093287	-60.8335059180	1.23
55645.849858	-22.894436	0.000350	0.000984	0.006053	6.287120	0.000030	-4.8897	0.0002	-4.8890	14.6585093287	-60.8335059180	1.42
55646.724744	-22.894280	0.000363	0.000989	0.006871	6.287695	0.000035	-4.8911	0.0002	-4.8892	14.6585086457	-60.8335059810	1.39
55646.834052	-22.895019	0.000366	0.000990	0.006940	6.285116	0.000030	-4.8919	0.0002	-4.8893	14.6585086457	-60.8335059810	0.72
55647.713324	-22.894817	0.000352	0.000985	0.007425	6.288610	0.000028	-4.8918	0.0002	-4.8896	14.6585079551	-60.8335060039	0.90
55647.811570	-22.895371	0.000570	0.001082	0.007464	6.283125	0.000074	-4.8940	0.0005	-4.8896	14.6585079551	-60.8335060039	0.71
55648.744630	-22.895652	0.000348	0.000984	0.007799	6.286739	0.000028	-4.8932	0.0002	-4.8899	14.6585072298	-60.8335059867	1.20
55648.843203	-22.895345	0.000350	0.000984	0.007893	6.285205	0.000029	-4.8925	0.0002	-4.8899	14.6585072298	-60.8335059867	1.12
55652.724154	-22.900074	0.000325	0.000976	0.005762	6.285318	0.000029	-4.8954	0.0002	-4.8911	14.6585043856	-60.8335054711	1.35
55652.739995	-22.900780	0.000345	0.000983	0.005753	6.284671	0.000033	-4.8959	0.0002	-4.8911	14.6585043856	-60.8335054711	1.00
55652.811456	-22.901441	0.000318	0.000973	0.005913	6.282340	0.000028	-4.8941	0.0002	-4.8912	14.6585043856	-60.8335054711	0.88
55652.826032	-22.900599	0.000375	0.000993	0.005802	6.282651	0.000045	-4.8955	0.0003	-4.8912	14.6585043856	-60.8335054711	0.64
55653.680485	-22.900575	0.000327	0.000976	0.004722	6.286133	0.000028	-4.8963	0.0002	-4.8914	14.6585036908	-60.8335052419	0.56
55653.695018	-22.901367	0.000375	0.000993	0.004761	6.285134	0.000040	-4.8970	0.0002	-4.8914	14.6585036908	-60.8335052419	0.46
55653.760959	-22.902240	0.000318	0.000973	0.004606	6.281633	0.000026	-4.8981	0.0002	-4.8915	14.6585036908	-60.8335052419	0.55
55653.772882	-22.901685	0.000475	0.001035	0.004799	6.280950	0.000060	-4.8991	0.0004	-4.8915	14.6585036908	-60.8335052419	0.63
55653.811857	-22.900573	0.000317	0.000973	0.004525	6.280155	0.000027	-4.9014	0.0002	-4.8915	14.6585036908	-60.8335052419	0.55
55653.829315	-22.899410	0.000334	0.000979	0.004853	6.280478	0.000032	-4.9029	0.0002	-4.8915	14.6585036908	-60.8335052419	0.53
55656.668769	-22.895868	0.000325	0.000976	0.004724	6.284470	0.000028	-4.9041	0.0002	-4.8923	14.6585014987	-60.8335042678	0.80
55656.683671	-22.895691	0.000375	0.000993	0.004686	6.284061	0.000041	-4.9047	0.0003	-4.8923	14.6585014987	-60.8335042678	0.60
55656.730626	-22.898375	0.000318	0.000973	0.005006	6.281374	0.000023	-4.9083	0.0001	-4.8923	14.6585014987	-60.8335042678	0.52
55656.745254	-22.899071	0.000375	0.000993	0.004919	6.280357	0.000037	-4.9094	0.0002	-4.8923	14.6585014987	-60.8335042678	0.71
55656.802199	-22.898869	0.000321	0.000974	0.005111	6.278395	0.000026	-4.9037	0.0002	-4.8924	14.6585014987	-60.8335042678	1.33
55656.816233	-22.898990	0.000375	0.000993	0.005543	6.277734	0.000038	-4.9051	0.0002	-4.8924	14.6585014987	-60.8335042678	0.62
55657.656829	-22.898152	0.000328	0.000977	0.004515	6.284424	0.000028	-4.9047	0.0002	-4.8926	14.6585007668	-60.8335038553	0.89
55657.671431	-22.898612	0.000385	0.000997	0.004606	6.283847	0.000045	-4.9046	0.0003	-4.8926	14.6585007668	-60.8335038553	1.04
55657.729304	-22.898620	0.000328	0.000977	0.004995	6.281232	0.000027	-4.9069	0.0002	-4.8926	14.6585007668	-60.8335038553	0.95
55657.743932	-22.899281	0.000385	0.000997	0.004774	6.280909	0.000041	-4.9079	0.0003	-4.8926	14.6585007668	-60.8335038553	0.57
55657.801664	-22.899050	0.000328	0.000977	0.005082	6.279460	0.000026	-4.9075	0.0002	-4.8926	14.6585007668	-60.8335038553	0.58
55657.816282	-22.898066	0.000385	0.000997	0.004732	6.279492	0.000039	-4.9077	0.0003	-4.8926	14.6585007668	-60.8335038553	0.61
55658.693802	-22.897678	0.000443	0.001021	0.005464	6.284625	0.000088	-4.9088	0.0005	-4.8929	14.6584999983	-60.8335033798	1.43
55658.704268	-22.897874	0.000375	0.000993	0.004928	6.285069	0.000062	-4.9081	0.0004	-4.8929	14.6584999983	-60.8335033798	1.42
55658.780168	-22.898830	0.000371	0.000992	0.005550	6.283929	0.000063	-4.9088	0.0004	-4.8929	14.6584999983	-60.8335033798	1.42
55658.836084	-22.899314	0.000318	0.000973	0.004760	6.281661	0.000036	-4.9092	0.0002	-4.8929	14.6584999983	-60.8335033798	1.25
55658.850215	-22.898899	0.000380	0.000995	0.004545	6.283188	0.000061	-4.9103	0.0004	-4.8929	14.6584999983	-60.8335033798	1.37
55659.658362	-22.900284	0.000458	0.001028	0.005673	6.286624	0.000072	-4.9039	0.0004	-4.8931	14.6584992729	-60.8335028870	1.42
55659.732030	-22.900426	0.000325	0.000976	0.005399	6.286432	0.000032	-4.9041	0.0002	-4.8932	14.6584992729	-60.8335028870	1.42
55659.742695	-22.900365	0.000614	0.001106	0.005388	6.286041	0.000112	-4.9044	0.0007	-4.8932	14.6584992729	-60.8335028870	0.84
55659.806463	-22.901506	0.000325	0.000976	0.005270	6.283901	0.000027	-4.9071	0.0002	-4.8932	14.6584992729	-60.8335028870	0.92
55659.817367	-22.901574	0.000614	0.001106	0.005795	6.284111	0.000100	-4.9079	0.0007	-4.8932	14.6584992729	-60.8335028870	0.82
55660.632485	-22.901369	0.000348	0.000984	0.004968	6.290181	0.000032	-4.9040	0.0002	-4.8934	14.6584985414	-60.8335023542	0.77
55660.712377	-22.901769	0.000350	0.000984	0.004405	6.289939	0.000032	-4.9023	0.0002	-4.8934	14.6584985414	-60.8335023542	1.15
55660.782848	-22.903241	0.000355	0.000986	0.004589	6.288024	0.000029	-4.9036	0.0002	-4.8934	14.6584985414	-60.8335023542	0.91
55662.644322	-22.901995	0.000319	0.000974	0.004644	6.291392	0.000035	-4.8928	0.0002	-4.8939	14.6584970227	-60.8335011051	1.43
55662.658577	-22.901864	0.000375	0.000993	0.004710	6.291332	0.000050	-4.8933	0.0003	-4.8939	14.6584970227	-60.8335011051	1.38
55662.710915	-22.902946	0.000319	0.000974	0.005064	6.290250	0.000033	-4.8953	0.0002	-4.8940	14.6584970227	-60.8335011051	1.42
55662.724734	-22.902328	0.000404	0.001005	0.005642	6.291034	0.000069	-4.8942	0.0004	-4.8940	14.6584970227	-60.8335011051	1.43
55662.795410	-22.902870	0.000342	0.000982	0.005187	6.290172	0.000045	-4.8935	0.0003	-4.8940	14.6584970227	-60.8335011051	1.42
55662.810047	-22.903466	0.000397	0.001002	0.005267	6.289637	0.000059	-4.8928	0.0004	-4.8940	14.6584970227	-60.8335011051	1.43
55663.672906	-22.903549	0.000328	0.000977	0.005257	6.292057	0.000036	-4.8842	0.0002	-4.8942	14.6584962416	-60.8335004004	1.22
55663.686944	-22.904318	0.000385	0.000997	0.005130	6.290583	0.000057	-4.8865	0.0004	-4.8942	14.6584962416	-60.8335004004	1.27
55663.732724	-22.906152	0.000338	0.000980	0.005421	6.288452	0.000045	-4.8836	0.0003	-4.8942	14.6584962416	-60.8335004004	1.17
55663.745993	-22.906657	0.000385	0.000997	0.005451	6.287549	0.000057	-4.8828	0.0003	-4.8942	14.6584962416	-60.8335004004	0.79
55663.798769	-22.904714	0.000332	0.000978	0.005529	6.288381	0.000050	-4.8821	0.0003	-4.8943	14.6584962416	-60.8335004004	1.35
55663.813358	-22.904661	0.000385	0.000997	0.005037	6.287831	0.000087	-4.8832	0.0006	-4.8943	14.6584962416	-60.8335004004	1.35
55672.651529	-22.908700	0.000391	0.001000	0.010396	6.296985	0.000050	-4.8774	0.0003	-4.8973	14.6584893084	-60.8334921899	1.24
55672.798961	-22.909646	0.000391	0.001000	0.010356	6.293052	0.000055	-4.8805	0.0003	-4.8974	14.6584893084	-60.8334921899	1.29
55673.691692	-22.911275	0.000421	0.001012	0.010260	6.293631	0.000057	-4.8822	0.0003	-4.8978	14.6584884963	-60.8334910039	1.43
55673.780760	-22.911366	0.000404	0.001005	0.009531	6.290545	0.000048	-4.8839	0.0003	-4.8978	14.6584884963	-60.8334910039	1.24
55674.651816	-22.911783	0.000421	0.001012	0.009333	6.293294	0.000060	-4.8865	0.0003	-4.8982	14.6584877442	-60.8334898694	1.18
55674.760799	-22.913775	0.000391	0.001000	0.009236	6.286498	0.000042	-4.8906	0.0003	-4.8982	14.6584877442	-60.8334898694	0.99
55675.622810	-22.913659	0.000391	0.001000	0.008382	6.286937	0.000046	-4.8922	0.0003	-4.8986	14.6584869837	-60.8334886777	0.82
55675.741675	-22.914807	0.000391	0.001000	0.008408	6.285954	0.000052	-4.8910	0.0003	-4.8987	14.6584869837	-60.8334886777	1.00
55676.628213	-22.915462	0.000391	0.001000	0.006795	6.283952	0.000042	-4.8998	0.0003	-4.8990	14.6584861942	-60.8334874000	0.95
55676.777852	-22.915363	0.000391	0.001000	0.006547	6.282152	0.000041	-4.8971	0.0002	-4.8991	14.6584861942	-60.8334874000	0.97
55677.618211	-22.912984	0.000401	0.001004	0.005967	6.284212	0.000048	-4.9036	0.0003	-4.8995	14.6584854161	-60.8334860994	1.20
55677.740640	-22.914943	0.000401	0.001004	0.005878	6.279408	0.000039	-4.9036	0.0002	-4.8995	14.6584854161	-60.8334860994	0.47
55678.619712	-22.911924	0.000401	0.001004	0.004985	6.280249	0.000077	-4.9086	0.0006	-4.8999	14.6584846277	-60.8334847357	0.55
55679.650131	-22.914424	0.000395	0.001001	0.005387	6.281881	0.000039	-4.9089	0.0002	-4.9003	14.6584838172	-60.8334832919	0.85
55679.849881	-22.916024	0.000395	0.001001	0.005474	6.276156	0.000041	-4.9133	0.0003	-4.9004	14.6584838172	-60.8334832919	1.15
55680.562644	-22.912270	0.000391	0.001000	0.005550	6.286365	0.000043	-4.9078	0.0003	-4.9007	14.6584830964	-60.8334819683	0.87
55680.680331	-22.914980	0.000391	0.001000	0.005828	6.281607	0.000041	-4.9105	0.0002	-4.9007	14.6584830964	-60.8334819683	1.00
55681.602644	-22.912674	0.000391	0.001000	0.005964	6.286738	0.000048	-4.9117	0.0003	-4.9011	14.6584822759	-60.8334804156	1.04
55681.698112	-22.915012	0.000391	0.001000	0.006374	6.281727	0.000042	-4.9147	0.0003	-4.9011	14.6584822759	-60.8334804156	0.79
55682.599850	-22.915125	0.000391	0.001000	0.006406	6.287520	0.000042	-4.9118	0.0003	-4.9014	14.6584814891	-60.8334788858	0.81
55682.707996	-22.915105	0.000367	0.000990	0.006997	6.282605	0.000042	-4.9134	0.0003	-4.9014	14.6584814891	-60.8334788858	1.21
55683.582950	-22.915500	0.000391	0.001000	0.007007	6.285114	0.000040	-4.9155	0.0002	-4.9017	14.6584807125	-60.8334773388	0.63
55683.679415	-22.920058	0.000375	0.000993	0.007026	6.277092	0.000039	-4.9154	0.0002	-4.9017	14.6584807125	-60.8334773388	0.82
55684.619721	-22.916741	0.000380	0.000995	0.007218	6.281083	0.000045	-4.9183	0.0003	-4.9020	14.6584798947	-60.8334756543	0.63
55684.708277	-22.916199	0.000375	0.000993	0.007382	6.279353	0.000047	-4.9177	0.0003	-4.9020	14.6584798947	-60.8334756543	0.57
55685.620647	-22.918127	0.000385	0.000997	0.006737	6.281372	0.000041	-4.9163	0.0002	-4.9022	14.6584791044	-60.8334739870	0.92
55685.706915	-22.919338	0.000385	0.000997	0.007252	6.277067	0.000041	-4.9196	0.0003	-4.9022	14.6584791044	-60.8334739870	0.92
55686.622998	-22.919894	0.000375	0.000993	0.006799	6.278386	0.000048	-4.9147	0.0003	-4.9024	14.6584783130	-60.8334722739	0.87
55686.701992	-22.918463	0.000391	0.001000	0.006773	6.278596	0.000045	-4.9165	0.0003	-4.9024	14.6584783130	-60.8334722739	0.75
55687.543023	-22.918907	0.000421	0.001012	0.005971	6.282592	0.000059	-4.9175	0.0004	-4.9026	14.6584775864	-60.8334706696	1.42
55687.657395	-22.920814	0.000404	0.001005	0.005891	6.278587	0.000049	-4.9191	0.0003	-4.9026	14.6584775864	-60.8334706696	1.38
55689.652218	-22.921522	0.000391	0.001000	0.003796	6.280676	0.000062	-4.9144	0.0004	-4.9028	14.6584759241	-60.8334668422	1.25
55689.734963	-22.921512	0.000397	0.001002	0.003705	6.276551	0.000052	-4.9169	0.0003	-4.9028	14.6584759241	-60.8334668422	1.42
55691.551339	-22.919985	0.000385	0.000997	0.002709	6.284177	0.000045	-4.9055	0.0003	-4.9029	14.6584744295	-60.8334632383	1.21
55691.655828	-22.922517	0.000385	0.000997	0.002992	6.279829	0.000043	-4.9041	0.0002	-4.9029	14.6584744295	-60.8334632383	1.26
55692.699083	-22.919953	0.000433	0.001017	0.003359	6.286442	0.000063	-4.9028	0.0004	-4.9029	14.6584736128	-60.8334612043	1.43
55693.528651	-22.916655	0.000385	0.000997	0.003413	6.290282	0.000043	-4.9028	0.0003	-4.9029	14.6584728771	-60.8334593308	0.60
55693.743883	-22.918384	0.000391	0.001000	0.003809	6.284427	0.000048	-4.9044	0.0003	-4.9029	14.6584728771	-60.8334593308	1.33
55695.542475	-22.917362	0.000385	0.000997	0.005033	6.294832	0.000042	-4.8972	0.0002	-4.9028	14.6584713019	-60.8334551940	0.75
55695.675657	-22.919277	0.000385	0.000997	0.005322	6.287129	0.000040	-4.9002	0.0003	-4.9028	14.6584713019	-60.8334551940	0.92
55711.572381	-22.931280	0.000443	0.001021	0.008971	6.293249	0.000125	-4.8949	0.0007	-4.9003	14.6584590608	-60.8334168173	1.29
55711.785348	-22.935636	0.000412	0.001008	0.008161	6.287289	0.000075	-4.9010	0.0005	-4.9003	14.6584590608	-60.8334168173	0.98
55712.530038	-22.935241	0.000317	0.000973	0.007078	6.290718	0.000031	-4.8955	0.0002	-4.9002	14.6584583545	-60.8334142505	1.42
55712.543918	-22.935408	0.000375	0.000993	0.007171	6.291255	0.000052	-4.8955	0.0003	-4.9002	14.6584583545	-60.8334142505	1.07
55714.619156	-22.935405	0.000471	0.001034	0.005120	6.287014	0.000045	-4.9012	0.0002	-4.8998	14.6584568163	-60.8334085094	1.39
55715.538404	-22.932653	0.000560	0.001077	0.004430	6.292820	0.000113	-4.9042	0.0007	-4.8996	14.6584561445	-60.8334059426	0.98
55716.534295	-22.933201	0.000431	0.001016	0.004428	6.289587	0.000047	-4.9043	0.0003	-4.8994	14.6584554237	-60.8334031408	1.38
55727.465914	-22.939498	0.000363	0.000989	0.005321	6.291550	0.000038	-4.8966	0.0002	-4.8969	14.6584477900	-60.8333705681	1.08
55727.498923	-22.940675	0.000367	0.000990	0.005335	6.291034	0.000038	-4.8981	0.0002	-4.8969	14.6584477900	-60.8333705681	1.08
55728.472526	-22.939715	0.000367	0.000990	0.006016	6.293730	0.000049	-4.8962	0.0003	-4.8966	14.6584471146	-60.8333674169	1.19
55728.528181	-22.940041	0.000367	0.000990	0.005932	6.292235	0.000053	-4.8963	0.0003	-4.8966	14.6584471146	-60.8333674169	1.10
55755.462991	-22.955957	0.000421	0.001012	0.005171	6.291675	0.000096	-4.8893	0.0006	-4.8905	14.6584312857	-60.8332765572	1.37
